124,44,161,74
121,48,163,72
121,48,163,72
120,48,163,75
120,48,162,74
144,53,135,74
145,56,133,72
146,57,128,73
147,57,127,73
148,56,123,76
150,64,121,69
152,67,115,69
153,69,110,67
154,72,108,66
154,72,108,66
155,75,105,64
156,77,99,64
159,82,91,61
160,85,87,59
160,88,86,57
160,88,86,57
161,90,85,56
162,92,83,55
163,97,76,52
163,99,76,51
165,102,71,48
165,102,76,48
166,104,78,47
167,105,78,46
172,109,76,43
174,112,72,41
177,113,54,40
177,113,54,40
179,114,52,39
182,116,64,37
187,119,49,35
190,120,45,34
191,121,43,33
191,121,43,33
193,123,41,31
193,123,41,31
195,125,36,29
195,126,35,27
194,128,35,26
194,128,35,26
193,128,34,26
192,128,32,25
191,129,30,24
191,130,29,23
192,131,27,21
192,131,27,21
191,132,26,20
191,132,26,20
190,134,25,18
190,134,24,19
189,135,25,18
189,135,25,19
189,136,23,17
190,136,22,17
188,136,21,17
185,136,20,18
184,136,19,18
184,136,19,17
181,136,19,18
179,136,19,18
176,137,17,17
174,137,17,17
173,136,17,17
173,136,17,17
171,136,17,17
170,136,16,17
168,136,15,17
168,136,15,16
168,136,14,15
168,136,14,15
168,136,13,15
167,135,14,14
165,135,14,14
165,135,14,12
164,135,15,13
164,135,15,13
165,135,13,14
166,135,12,14
165,134,12,13
165,134,12,14
165,134,10,11
165,134,10,11
165,134,10,11
165,134,10,11
165,135,10,10
164,135,10,10
164,134,10,11
165,134,9,11
164,134,10,10
164,134,10,9
166,133,9,10
166,133,10,10
167,135,9,9
168,135,8,9
168,135,8,8
168,134,8,9
168,133,7,10
168,133,7,9
167,132,9,10
167,132,9,10
167,131,11,11
166,132,12,8
164,130,10,9
163,128,12,10
162,128,13,8
162,128,13,8
161,127,15,8
160,124,16,11
158,124,16,10
159,124,15,10
159,124,21,13
159,123,22,15
155,120,26,18
159,123,22,15
153,123,28,19
0,0,0,0
142,117,38,25
142,117,37,25
143,118,38,26
0,0,0,0
0,0,0,0
0,0,0,0
0,0,0,0
0,0,0,0
0,0,0,0
130,115,45,33
0,0,0,0
0,0,0,0
121,112,58,42
121,112,58,42
121,112,58,42
120,112,61,44
119,110,66,49
118,109,70,52
117,107,73,55
116,107,74,55
114,106,79,58
114,105,79,59
118,103,78,58
137,122,71,43
138,118,61,42
111,93,90,67
122,103,77,57
123,103,76,57
128,106,74,55
128,106,74,55
128,108,72,56
128,108,76,58
128,107,76,59
128,109,71,56
125,112,69,54
124,113,70,54
125,115,67,51
125,115,69,53
123,115,68,52
124,116,67,51
124,115,66,50
132,116,33,33
134,117,51,40
123,114,66,48
124,114,65,47
124,114,65,47
136,129,23,15
137,127,47,24
138,118,51,35
125,113,65,44
128,113,63,44
129,113,155,79
129,113,65,42
145,127,21,14
145,127,21,14
133,114,64,38
170,132,118,55
191,150,102,38
236,156,50,30
129,113,66,36
129,114,121,48
123,103,126,57
129,116,140,50
126,113,130,54
150,124,105,43
229,155,25,12
117,116,62,26
160,133,84,34
186,145,59,38
161,134,80,49
170,136,66,47
119,121,67,22
144,132,89,40
157,142,77,45
159,137,70,36
128,128,83,45
134,133,85,61
155,139,18,13
138,135,81,60
159,144,125,52
153,144,135,53
154,145,130,54
144,139,63,16
147,143,74,59
151,144,63,14
151,144,63,14
151,144,64,14
154,144,63,13
157,144,63,12
160,144,63,12
163,144,63,12
165,145,59,60
165,144,62,11
165,140,63,14
169,140,60,13
170,139,61,12
170,137,61,13
170,137,61,13
171,137,62,13
172,135,60,14
172,134,61,14
305,161,14,25
308,162,11,13
308,162,11,13
307,163,12,18
175,132,56,17
155,180,40,31
124,181,71,46
12,185,307,47
0,195,319,44
3,194,311,38
3,195,281,39
3,187,311,52
183,128,53,20
181,126,56,23
181,126,56,23
183,124,55,24
184,124,55,23
184,122,55,25
9,181,310,56
0,205,304,34
0,207,319,32
0,210,319,29
6,213,313,25
0,0,0,0
0,0,0,0
0,0,0,0
0,0,0,0
0,0,0,0
233,124,86,50
192,122,127,65
0,0,0,0
0,0,0,0
0,0,0,0
0,0,0,0
0,0,0,0
0,0,0,0
0,0,0,0
0,0,0,0
0,0,0,0
236,108,83,63
234,105,85,65
233,103,86,91
230,96,89,70
226,94,93,72
226,94,93,72
224,92,94,74
222,92,89,74
216,92,103,75
213,96,87,74
212,98,85,74
212,98,85,74
210,98,86,77
212,100,84,76
218,103,84,77
234,109,82,78
242,114,77,79
242,114,77,79
248,120,71,76
252,123,67,74
256,128,63,70
261,131,58,67
261,130,58,68
261,130,58,68
260,128,59,69
257,125,62,72
256,118,63,77
248,109,71,81
243,105,76,82
243,105,76,82
240,101,79,81
235,96,70,81
232,90,69,82
227,79,67,80
226,74,67,80
226,74,67,81
223,72,66,84
224,70,64,82
225,70,64,81
226,69,63,81
230,69,61,82
230,69,61,82
233,70,61,82
233,72,61,82
234,72,60,82
234,72,65,81
232,72,59,82
232,72,59,82
230,73,57,81
230,73,58,81
231,74,55,81
238,79,55,82
247,80,55,80
247,80,55,80
259,79,54,80
268,80,51,79
272,79,47,80
277,80,42,77
274,76,45,79
274,76,45,79
272,71,47,80
265,66,54,79
261,63,58,79
247,58,53,79
240,56,53,78
240,56,53,78
233,56,52,78
225,56,53,77
222,56,49,77
212,55,49,77
210,55,51,77
209,55,52,77
211,56,50,78
214,59,49,75
217,59,50,75
228,64,48,73
230,66,49,73
230,66,49,72
235,69,50,70
241,70,46,70
242,70,45,70
239,73,44,68
234,73,45,69
234,73,45,69
229,75,50,67
225,74,55,67
219,75,44,65
208,76,41,60
203,77,39,58
203,77,39,58
200,78,37,55
196,78,35,55
192,79,35,53
187,80,33,47
185,80,32,46
185,80,32,46
185,81,30,45
185,83,28,42
187,86,26,37
192,92,22,32
193,94,21,30
193,94,21,30
193,96,21,28
193,97,19,27
192,98,19,27
192,100,15,25
192,100,15,24
192,100,15,24
193,100,15,25
194,101,15,23
195,101,13,22
195,101,14,19
195,101,14,19
195,101,14,19
192,101,17,19
195,101,13,18
195,101,13,19
195,100,13,20
195,99,13,20
195,99,13,20
195,100,15,19
194,99,18,20
194,98,20,21
194,97,23,22
194,98,25,20
194,98,25,19
194,97,25,20
195,96,28,20
194,96,28,19
195,96,12,16
194,96,13,15
194,96,13,15
194,96,13,15
195,96,12,15
195,96,12,15
196,96,11,15
196,96,11,15
196,96,11,15
197,96,10,15
196,96,11,15
197,96,10,15
198,96,9,15
198,94,10,17
197,92,11,19
198,94,12,17
198,95,13,16
197,96,13,14
197,94,15,16
196,95,17,15
196,95,16,15
196,94,15,16
196,94,16,17
195,94,14,16
194,95,14,15
193,96,15,15
193,96,16,15
193,95,18,16
192,96,19,15
192,95,22,16
191,95,18,16
189,94,26,16
189,94,28,16
188,94,26,16
187,94,25,17
185,94,24,17
185,95,19,16
182,95,22,16
182,95,22,16
180,95,24,16
178,95,24,16
177,96,15,15
176,93,23,18
173,96,28,15
173,96,28,15
171,96,27,15
170,95,30,16
168,95,29,16
167,95,33,16
164,96,36,15
164,96,35,15
163,96,30,16
162,96,21,16
161,96,21,17
160,96,22,17
159,96,23,19
159,96,22,19
158,96,10,18
157,96,10,19
156,96,10,18
155,97,11,17
154,97,11,18
154,97,10,18
153,97,11,18
153,96,11,20
152,96,11,20
152,96,11,19
151,96,10,20
151,96,11,20
151,96,11,21
150,96,11,20
150,96,11,20
149,96,12,20
150,96,12,19
150,96,12,20
151,95,12,22
152,96,12,20
153,96,11,20
153,94,12,22
155,95,12,19
155,96,12,18
155,95,12,20
155,94,14,20
156,94,14,20
156,94,14,20
157,93,14,21
157,93,14,21
156,91,16,23
156,90,17,24
156,88,17,23
155,85,18,25
152,80,21,27
152,80,21,27
150,76,21,30
146,73,24,32
144,70,23,33
139,66,26,35
131,58,31,42
131,58,31,42
129,60,31,40
128,62,31,39
125,64,32,38
123,65,32,38
120,67,33,38
120,67,33,38
119,68,33,39
119,68,33,39
119,70,33,37
119,71,35,37
120,72,34,37
120,72,34,37
119,72,36,37
120,72,36,38
120,73,37,37
120,73,38,37
120,73,40,37
120,73,40,37
123,73,39,37
123,73,38,36
128,75,38,34
128,75,38,34
128,73,40,36
128,73,40,36
130,74,40,34
130,73,40,33
131,71,43,34
133,70,42,33
140,72,35,24
140,72,35,25
142,69,38,26
136,65,45,30
138,64,46,31
144,64,41,29
144,63,41,31
143,64,42,29
139,62,46,32
139,62,47,32
136,60,48,36
135,60,50,37
130,60,59,41
130,60,60,42
0,0,0,0
125,63,56,37
120,62,57,38
119,63,65,48
109,62,70,47
109,61,70,49
108,62,72,48
111,62,72,49
112,62,67,48
110,80,45,21
104,60,75,48
104,60,75,48
103,64,73,43
104,64,74,44
100,60,79,48
0,0,0,0
104,83,47,20
104,84,47,19
0,0,0,0
0,0,0,0
0,0,0,0
0,0,0,0
0,0,0,0
0,0,0,0
0,0,0,0
0,0,0,0
0,0,0,0
0,0,0,0
0,0,0,0
0,0,0,0
0,0,0,0
0,0,0,0
0,0,0,0
0,0,0,0
0,0,0,0
0,0,0,0
0,0,0,0
0,0,0,0
0,0,0,0
0,0,0,0
88,90,40,15
88,90,40,15
85,90,42,15
85,90,42,15
83,91,57,20
83,91,58,19
78,91,59,20
78,91,59,20
76,92,60,20
74,92,68,23
73,94,69,22
72,95,71,22
73,96,70,21
73,96,70,21
72,97,69,21
72,98,71,21
73,98,70,21
74,99,69,20
74,100,69,20
74,100,70,20
74,100,74,22
75,101,75,21
76,101,75,21
76,101,75,22
78,100,78,23
78,100,79,23
79,100,80,22
80,100,80,23
81,103,82,21
81,103,83,21
81,104,81,20
81,104,81,20
81,103,86,22
81,103,86,23
80,104,87,22
85,106,82,20
86,107,81,19
86,107,81,20
87,109,80,18
87,109,80,18
81,108,86,20
80,108,87,20
80,107,87,22
80,108,87,21
66,107,96,23
65,107,97,23
62,106,97,25
62,106,97,25
59,105,100,26
59,105,100,26
56,105,102,27
54,106,100,26
53,105,101,28
53,106,100,28
54,106,97,28
54,106,97,28
54,104,97,30
53,104,98,30
54,103,100,31
54,103,100,31
54,103,100,31
54,103,100,31
57,103,99,32
57,103,100,32
59,103,97,32
60,104,98,30
61,104,98,30
61,104,98,30
60,103,101,31
59,102,105,32
51,101,113,32
50,105,116,29
69,114,97,20
69,114,97,20
68,113,96,20
64,113,103,20
64,112,101,20
62,113,101,19
58,112,108,20
59,112,107,20
54,111,110,20
52,112,110,19
48,111,113,20
46,112,113,19
43,111,116,20
43,111,116,20
33,110,122,20
29,110,122,20
24,110,127,20
27,111,121,19
18,109,131,20
18,109,131,20
14,108,132,20
11,108,136,20
8,107,139,21
8,107,139,20
7,108,140,18
5,108,142,19
0,106,149,21
0,106,151,21
0,107,149,20
0,107,151,20
4,110,147,17
0,107,151,20
0,108,155,19
66,115,91,12
65,116,94,11
67,115,92,12
69,116,93,12
69,116,93,12
72,116,93,12
72,116,94,12
72,116,96,13
73,116,97,12
74,116,98,13
74,116,98,13
77,116,97,13
80,116,95,14
80,116,97,15
80,116,98,15
81,115,99,16
81,115,100,16
81,114,102,18
82,114,101,18
82,114,101,18
81,114,102,19
81,114,103,20
81,115,102,19
80,114,103,20
79,114,104,20
77,114,105,21
75,113,107,22
75,113,105,22
75,113,105,22
72,112,108,23
71,112,110,23
70,111,109,24
68,110,111,25
68,110,111,25
68,110,111,25
68,110,112,26
68,109,114,27
68,109,114,28
68,109,115,28
69,109,115,28
68,109,116,28
70,109,118,28
71,108,118,29
71,109,120,28
73,109,118,28
73,108,121,29
73,108,121,29
77,108,121,29
76,107,123,30
79,107,120,29
80,107,124,29
80,107,125,29
80,107,125,29
80,106,127,29
81,106,129,28
82,105,130,29
82,105,131,29
85,105,130,29
85,105,130,29
85,105,133,29
86,104,135,30
85,105,135,29
85,104,137,30
85,105,137,30
85,105,137,30
85,105,138,29
85,105,138,29
85,105,138,29
83,105,140,29
83,106,140,28
83,106,140,28
80,105,143,29
80,105,143,30
79,105,147,30
80,105,145,30
74,105,150,29
74,105,150,30
71,105,156,29
73,105,154,27
75,105,152,27
73,105,154,27
74,105,154,27
74,105,154,27
76,105,153,25
76,105,154,24
74,105,155,23
70,105,159,24
71,105,158,23
71,105,158,23
75,104,156,21
75,104,156,20
75,104,156,19
75,104,158,18
76,102,159,19
76,102,160,19
76,101,162,17
76,101,161,16
77,100,162,17
76,100,163,17
77,100,165,15
77,100,165,15
76,99,167,12
74,97,169,11
74,96,172,10
73,95,172,10
72,94,172,10
72,94,172,10
70,90,174,11
70,89,174,12
68,87,176,12
67,86,176,12
65,85,174,13
65,85,174,13
64,83,175,12
64,83,175,12
62,80,177,11
63,80,176,11
63,78,176,13
63,78,176,13
64,75,174,15
64,75,173,15
66,72,172,18
67,72,171,18
68,71,171,19
68,71,171,18
70,68,169,19
71,65,168,23
71,64,168,20
73,62,171,21
73,61,170,21
73,61,170,21
73,60,170,21
81,58,165,20
88,58,159,19
93,57,154,18
98,56,150,18
98,56,150,18
102,55,149,19
115,52,131,19
120,51,123,18
128,49,114,18
134,47,106,18
135,47,105,17
143,46,52,16
160,42,73,19
168,40,55,15
177,38,54,16
185,37,54,15
185,37,54,15
194,37,54,15
210,37,56,26
210,37,65,26
213,37,69,27
228,37,60,22
228,37,60,22
225,37,69,23
226,36,77,23
225,35,81,24
221,33,87,26
218,34,92,25
217,34,93,25
217,34,96,25
213,35,102,25
216,35,99,24
213,36,101,23
216,38,98,21
217,38,97,21
217,39,95,20
215,43,94,17
213,46,93,14
211,48,92,14
209,49,91,14
209,49,91,14
208,51,89,13
203,54,88,11
201,56,87,14
200,58,86,11
199,59,86,15
199,59,85,15
198,61,84,13
196,64,83,10
196,64,82,10
196,64,80,10
196,64,80,12
196,64,80,12
197,64,78,11
197,64,77,10
197,64,76,6
197,63,74,7
195,63,75,6
196,63,74,6
195,63,74,6
194,63,72,6
193,63,72,5
193,63,70,5
193,63,70,5
193,63,70,5
194,63,69,5
196,63,69,5
198,62,68,5
145,62,121,5
145,62,122,5
144,61,123,6
146,61,121,6
149,60,119,6
150,60,119,6
151,60,117,6
152,60,116,6
152,60,116,6
154,60,111,6
156,60,111,6
157,60,110,5
158,59,108,6
159,60,107,6
159,60,107,6
159,60,107,6
160,61,105,6
160,62,104,5
160,64,103,4
160,65,103,4
160,65,103,4
160,66,101,4
161,66,99,5
161,66,99,5
162,67,98,4
164,67,96,5
163,67,97,5
164,67,96,5
132,67,128,7
134,68,126,5
134,68,128,6
134,68,129,6
133,68,130,6
136,68,128,6
136,69,130,5
145,69,122,5
147,69,122,5
149,69,120,6
149,69,120,6
146,69,124,6
149,69,121,6
148,70,121,6
148,70,121,6
147,70,122,6
147,70,122,6
148,70,121,6
150,71,119,5
151,71,118,6
147,71,122,6
145,72,124,6
145,71,124,7
153,72,117,6
152,73,119,6
153,73,119,6
153,73,121,5
154,73,120,6
153,73,122,6
154,73,122,6
160,73,118,6
160,73,118,6
160,73,119,6
160,73,119,6
160,72,119,7
160,73,119,6
163,73,117,6
163,73,105,7
161,73,103,8
160,73,121,8
161,73,120,8
160,73,121,9
166,74,117,8
166,74,119,8
166,74,119,8
172,74,113,8
172,74,113,8
170,73,116,10
170,73,118,10
173,73,116,9
174,73,115,9
174,73,115,9
174,73,115,9
174,73,117,9
179,73,114,8
180,73,112,8
183,73,92,8
183,73,94,9
183,73,94,9
183,73,94,9
184,73,92,9
184,73,93,10
184,73,93,12
185,72,92,11
185,72,92,11
185,72,91,11
185,73,86,10
185,73,86,10
186,73,85,9
186,73,85,11
185,73,86,11
186,73,85,11
187,74,84,10
187,74,84,10
188,74,83,10
188,74,85,10
188,74,85,10
189,74,84,10
192,74,83,10
194,74,83,10
195,74,83,9
197,73,82,9
197,73,82,9
199,73,82,9
204,73,80,14
206,72,80,14
208,72,78,15
210,72,77,14
210,72,77,14
212,72,76,14
216,72,71,14
219,72,70,14
221,72,69,14
224,72,68,14
224,72,67,14
225,72,68,15
229,71,65,15
231,71,64,15
234,71,62,15
235,71,62,15
235,71,62,15
237,70,60,16
240,71,57,16
242,71,55,16
243,71,54,16
244,71,52,16
244,71,52,16
244,72,51,15
246,72,49,15
246,72,47,15
246,72,47,15
245,72,47,15
245,72,47,15
245,73,46,14
245,73,46,14
243,72,21,7
240,72,26,8
240,72,26,9
239,72,27,9
238,72,31,10
233,72,37,10
232,72,39,10
228,72,43,10
227,71,44,11
227,71,44,10
226,71,45,10
224,72,49,9
220,71,54,10
219,71,53,10
217,71,54,10
217,71,54,10
216,70,55,11
215,70,56,10
213,69,57,9
211,69,59,9
210,69,59,9
210,69,59,9
210,69,59,9
208,68,68,9
207,68,72,6
205,68,74,6
205,68,74,6
205,67,74,7
204,67,75,7
204,67,76,6
203,66,78,6
203,66,78,7
202,65,79,7
202,65,79,7
201,65,81,6
201,65,81,7
200,64,83,7
200,64,83,7
199,64,84,7
199,64,84,7
199,64,84,6
198,64,86,6
197,64,87,6
197,64,87,6
197,64,88,5
197,64,88,5
196,64,89,5
196,64,89,5
195,63,91,6
195,64,91,5
195,64,91,5
195,64,91,5
194,63,92,5
194,63,92,5
193,63,93,5
193,63,93,5
192,62,95,6
193,62,94,6
193,62,94,6
192,62,95,6
192,62,95,6
192,62,95,5
192,62,95,5
192,62,95,5
192,62,95,5
190,61,97,6
190,61,97,6
191,60,96,6
190,60,97,6
190,60,97,6
190,60,98,6
190,59,99,7
190,59,101,7
190,59,102,6
192,59,101,6
192,59,101,6
192,59,103,6
193,59,103,6
194,59,104,5
194,59,105,5
193,59,107,5
193,59,107,5
194,60,106,5
193,60,108,5
192,61,109,5
192,61,108,5
191,61,109,5
191,61,109,5
189,61,111,6
189,61,111,6
187,62,112,5
186,62,113,5
185,62,114,6
185,62,114,6
184,62,115,6
184,62,114,7
182,63,116,6
181,63,117,6
181,64,118,5
181,64,118,5
181,64,118,5
180,64,119,6
180,64,120,6
180,64,121,7
180,64,123,7
180,64,123,7
181,64,123,8
181,65,124,7
183,64,126,8
184,64,127,8
185,64,128,8
185,64,128,8
185,64,129,8
186,63,129,9
186,62,131,9
186,62,132,9
185,61,134,10
185,61,134,10
184,61,135,10
184,60,135,11
184,59,135,11
183,59,136,11
183,58,136,12
183,58,136,12
182,58,137,12
182,58,137,12
180,58,139,12
179,56,140,14
179,56,140,14
179,56,140,14
177,56,142,14
177,56,142,14
176,56,143,14
175,56,144,13
175,56,144,13
175,56,144,13
174,56,145,13
173,56,146,13
172,56,147,12
172,55,147,12
172,55,147,12
172,55,147,12
171,55,148,12
170,54,149,12
170,52,149,14
170,51,149,15
170,50,149,16
170,50,149,16
171,49,148,17
172,48,147,17
175,47,144,17
176,45,143,19
178,45,141,18
178,45,141,18
180,44,139,19
184,44,135,19
188,44,131,19
189,44,130,18
192,43,127,19
192,43,127,19
193,43,126,19
194,42,125,20
195,40,124,22
196,38,123,24
195,36,124,27
195,36,124,27
195,34,124,30
194,30,125,35
193,29,126,38
193,29,126,39
193,29,124,39
193,29,124,39
195,30,114,39
195,31,104,38
197,34,82,35
197,37,73,31
198,39,63,29
197,39,64,29
196,42,56,27
187,45,56,18
166,53,65,12
156,56,67,10
147,60,78,10
147,60,98,10
139,64,93,9
130,69,84,8
124,72,83,7
112,73,101,12
110,71,144,14
110,71,144,14
105,70,165,17
104,72,170,14
101,72,175,16
97,76,174,16
96,77,172,17
96,77,172,17
96,80,168,16
94,82,167,17
94,84,163,18
92,87,187,19
93,88,184,19
93,88,184,19
94,89,183,21
96,90,181,21
96,92,180,21
98,94,176,21
98,94,176,21
98,94,176,21
99,96,175,20
100,97,172,21
101,98,170,20
106,103,163,17
106,103,163,17
106,103,163,17
111,105,156,15
112,105,155,15
112,106,154,15
118,110,147,12
118,110,147,12
118,110,147,12
122,111,141,11
122,111,141,11
124,112,138,10
129,116,131,6
129,116,131,6
129,116,131,6
132,117,126,6
131,117,127,7
133,117,125,7
139,117,116,8
139,117,116,8
139,117,116,8
141,117,114,9
143,116,111,11
143,116,111,11
144,115,107,15
144,115,104,16
144,115,104,16
145,114,102,18
145,115,100,18
145,114,100,19
143,114,94,20
143,114,92,21
143,114,92,21
142,113,91,22
141,113,90,23
140,112,89,23
138,111,84,25
137,110,83,26
137,110,83,26
136,110,83,26
136,110,81,25
136,110,81,25
133,109,81,26
132,108,82,27
132,108,82,27
130,107,84,28
129,106,84,28
130,106,82,28
128,105,83,29
128,104,83,30
128,104,83,30
128,104,82,30
128,104,81,30
127,103,83,31
126,102,83,32
125,101,84,33
125,101,83,32
125,102,84,32
124,100,81,33
125,100,79,33
125,99,82,34
126,98,90,36
126,98,79,34
125,98,61,34
125,98,59,34
125,98,55,34
125,97,62,34
125,97,58,34
125,97,59,34
126,96,51,35
126,96,51,34
126,96,50,33
125,94,50,34
124,93,51,35
124,93,51,35
123,91,51,37
121,90,53,38
119,87,54,40
116,84,55,42
114,82,56,44
115,82,55,44
113,81,56,45
111,77,56,49
108,74,58,52
104,70,61,56
102,68,62,58
102,68,61,58
101,66,63,60
102,66,61,60
102,65,62,63
104,65,61,62
105,65,61,63
105,65,61,63
106,64,61,63
107,64,60,63
108,63,63,66
108,62,61,65
109,62,61,65
109,62,61,65
110,61,61,66
111,61,60,65
111,60,60,66
113,59,60,67
113,59,60,67
113,59,60,67
114,59,60,67
113,59,61,67
113,59,61,67
113,59,62,68
113,58,62,69
113,58,62,69
113,57,62,70
112,57,62,70
111,56,61,71
110,57,62,71
109,56,63,72
109,56,63,72
109,56,64,73
109,56,64,74
109,57,64,74
109,58,65,75
110,59,65,75
110,59,65,75
110,59,67,77
111,60,66,75
113,61,67,75
116,63,68,74
115,63,71,75
115,63,71,75
116,62,72,76
117,64,73,74
118,64,76,73
120,64,79,73
119,65,80,71
119,65,80,71
117,65,82,71
116,64,85,70
114,64,87,69
112,64,92,66
109,63,94,65
109,63,94,65
103,64,98,62
100,64,99,62
97,65,102,60
94,67,107,56
94,68,111,54
94,68,111,54
96,69,113,52
98,70,115,50
102,73,116,45
106,74,125,44
109,76,123,37
110,77,122,36
110,74,127,37
114,74,128,35
124,80,123,27
128,82,124,20
129,83,126,16
129,83,126,16
132,84,128,14
132,86,128,10
131,88,128,6
128,84,127,10
125,82,127,14
125,82,128,14
124,80,127,17
122,80,125,19
119,79,127,23
113,78,127,30
113,77,127,33
113,77,127,33
115,78,124,34
115,77,124,37
117,77,125,39
120,75,124,42
128,72,119,46
128,72,119,46
130,69,118,48
133,66,120,50
136,64,123,51
140,62,115,52
144,56,113,55
144,56,113,55
145,55,112,55
146,52,112,57
147,49,111,58
146,47,109,59
145,42,107,61
145,42,107,61
146,40,107,62
148,39,105,63
150,38,103,62
152,36,103,65
160,37,101,68
160,37,101,68
162,38,101,68
165,39,100,69
169,41,98,69
169,42,98,69
169,45,95,72
169,45,95,73
170,46,92,72
170,47,89,72
168,48,89,74
168,48,91,75
177,45,86,76
177,45,86,76
183,44,85,76
190,44,83,76
198,40,85,79
208,40,83,79
221,37,81,81
221,37,81,80
224,39,78,80
227,39,76,79
228,38,75,79
228,37,75,79
226,33,74,78
227,33,73,78
225,32,73,78
223,29,71,79
220,26,72,82
220,25,69,80
215,23,69,80
215,23,69,80
213,22,68,80
208,22,68,80
206,22,67,81
203,23,66,80
197,23,64,81
197,23,64,81
196,24,63,80
195,24,63,81
194,26,63,81
192,27,61,80
192,27,61,81
192,27,61,81
192,28,61,81
192,31,59,79
192,31,59,80
193,29,60,82
195,31,57,79
195,31,57,79
196,31,56,79
199,30,55,79
199,28,58,79
198,28,57,78
201,24,53,80
201,24,53,80
201,24,53,79
201,23,53,79
201,23,53,78
202,23,52,79
200,24,52,78
200,24,52,77
200,24,51,78
200,24,52,79
202,25,50,78
202,25,50,79
203,25,50,78
203,25,50,78
205,25,49,79
208,25,47,78
211,25,49,78
216,25,50,79
224,25,48,78
225,25,46,78
226,26,48,79
226,26,48,79
226,27,47,78
227,27,46,77
225,26,47,77
225,26,47,77
224,25,47,77
223,25,46,76
223,24,43,77
219,22,44,78
216,20,45,75
216,20,45,75
213,19,47,76
214,18,46,76
211,19,46,76
212,19,47,76
216,21,46,76
216,21,46,76
216,22,47,76
217,23,48,76
218,26,49,75
219,27,49,75
220,28,49,75
220,28,49,75
217,28,50,76
213,28,50,76
210,26,49,77
206,24,49,76
200,19,46,76
200,19,46,76
193,19,50,75
191,17,47,76
185,16,47,76
180,16,48,75
176,16,47,75
177,16,46,75
176,16,46,76
176,16,47,75
177,16,46,75
182,16,46,75
193,16,46,73
193,16,46,73
196,16,47,74
200,16,49,73
204,16,48,73
208,16,46,74
208,17,45,75
208,17,45,75
205,18,46,75
200,20,49,74
197,21,48,73
194,22,48,73
185,24,48,72
185,24,48,72
183,25,47,73
178,25,49,74
173,27,49,75
168,30,49,72
162,32,48,72
162,32,48,71
160,32,47,71
157,32,47,72
154,32,48,71
152,31,47,72
151,26,48,74
151,26,48,74
151,24,47,74
152,22,47,73
155,18,47,74
157,16,47,74
160,14,47,73
160,14,47,73
160,13,47,73
160,12,46,73
160,11,45,73
158,11,46,74
157,12,46,73
157,12,46,73
157,13,44,73
156,13,44,74
156,13,43,74
155,15,44,73
155,15,44,73
155,15,44,73
158,16,42,72
159,16,43,72
161,16,44,72
165,16,42,71
171,16,41,70
171,16,41,70
172,15,42,71
171,16,43,71
170,17,42,72
170,18,42,71
167,19,42,73
167,19,42,73
166,20,41,72
163,21,41,71
160,21,41,73
153,22,43,72
144,23,43,71
144,23,43,71
140,21,44,72
137,19,45,73
136,18,46,74
136,17,46,73
136,16,47,72
136,16,47,72
137,12,49,73
139,11,50,72
144,10,50,72
150,10,49,70
153,10,51,72
153,10,51,72
158,12,51,71
160,12,53,73
162,16,53,71
161,17,54,70
162,18,54,71
162,18,54,71
162,18,57,74
162,20,56,72
161,22,58,73
157,23,58,72
147,24,59,71
147,24,59,71
140,25,58,70
124,28,61,71
116,31,60,69
110,32,61,70
105,33,63,70
105,33,63,70
96,35,62,68
90,36,64,68
90,36,64,67
88,36,64,68
88,37,65,69
88,37,65,69
88,40,63,64
90,40,61,63
90,40,61,63
96,40,62,62
96,40,61,62
96,40,62,62
96,35,67,64
98,33,73,68
104,32,72,67
106,33,69,62
108,32,68,62
108,32,68,62
113,32,75,63
113,31,74,64
113,31,74,64
116,32,73,64
116,32,75,62
116,32,75,62
120,34,78,62
120,34,79,63
120,34,78,63
114,36,77,59
112,39,79,60
112,39,79,60
108,38,83,62
104,37,87,64
96,38,88,63
91,38,89,63
88,37,91,64
88,37,92,64
83,40,91,62
83,40,91,62
82,40,92,62
81,42,93,60
81,43,93,59
81,43,93,59
81,42,93,60
82,44,93,57
83,44,92,56
85,44,92,54
86,44,95,54
86,44,95,54
88,43,93,51
88,43,93,51
88,42,94,50
89,42,94,50
89,42,94,49
89,42,94,49
88,44,95,48
88,45,95,47
88,45,95,47
87,48,96,45
86,50,96,44
86,50,96,44
86,53,97,44
88,56,95,43
88,58,96,41
88,59,96,41
88,60,95,40
88,60,95,40
87,62,95,39
85,62,97,39
85,62,97,39
81,62,97,38
81,62,96,38
81,62,96,38
80,64,94,35
79,63,94,35
79,63,96,36
79,64,95,34
80,64,94,33
80,64,94,33
80,64,95,32
80,65,95,32
80,65,95,32
80,66,95,31
80,66,95,32
80,66,95,32
80,66,99,32
80,67,99,31
80,67,100,31
81,68,100,30
81,68,101,30
81,68,101,30
80,70,100,28
80,70,100,28
80,71,100,26
80,71,100,27
80,71,100,27
80,71,100,27
79,72,101,26
80,72,98,25
78,73,99,25
78,75,99,24
77,75,101,24
77,75,101,24
78,78,104,22
80,79,100,20
80,79,100,21
80,80,100,20
80,80,102,21
80,80,102,21
80,81,102,20
81,82,102,20
80,82,103,20
80,82,103,20
80,84,105,19
80,84,105,19
80,85,106,17
84,85,103,18
83,86,105,17
83,86,105,17
83,87,102,16
83,88,102,15
80,86,106,17
80,87,104,17
80,87,103,17
80,87,103,17
80,87,102,17
80,87,102,17
85,89,98,16
79,88,104,18
79,88,103,17
78,89,105,17
76,89,109,18
77,89,108,18
76,90,107,17
77,89,107,18
79,91,104,16
79,92,106,15
80,92,107,15
80,92,107,15
80,93,111,15
82,93,109,15
82,93,109,15
82,94,112,14
83,94,110,14
83,94,110,14
84,94,113,13
83,94,115,13
87,95,111,12
85,96,114,10
84,95,115,12
84,96,115,10
85,96,114,10
82,96,117,10
84,96,115,10
84,96,116,10
85,97,114,9
85,97,114,9
81,97,118,8
82,97,117,9
79,98,118,8
80,97,118,9
75,97,120,9
75,97,121,9
68,96,123,10
68,96,123,10
69,96,122,10
66,96,126,9
60,96,131,10
59,96,132,10
71,96,123,8
68,96,126,8
67,96,128,8
67,95,128,8
66,95,130,8
67,95,129,8
66,95,130,7
68,95,128,7
67,96,130,6
68,96,129,6
66,96,129,6
66,96,129,6
62,96,132,6
60,96,132,6
60,96,131,6
59,96,132,6
56,96,134,6
56,96,134,6
55,96,133,6
50,95,133,7
51,94,132,8
53,94,130,9
52,94,131,9
52,94,131,9
53,94,130,10
54,93,129,11
55,93,128,11
56,92,127,13
57,92,127,13
57,92,127,13
58,92,128,14
59,92,130,15
60,91,130,17
61,90,129,18
64,90,127,19
64,90,127,19
64,90,127,19
64,89,127,21
64,88,127,23
65,88,126,23
65,88,126,23
65,88,126,23
63,86,128,25
62,84,128,29
62,83,128,30
63,83,125,31
61,82,127,32
61,82,127,32
61,82,128,33
62,81,127,34
61,80,129,35
62,80,128,36
64,79,127,37
64,79,127,37
64,79,127,37
66,77,129,39
66,77,129,40
67,77,131,40
66,76,133,41
66,76,133,41
67,76,132,41
71,74,132,43
72,75,131,42
72,74,132,43
71,73,133,46
71,73,133,46
72,73,133,44
72,72,134,45
68,72,137,46
71,72,134,46
72,72,133,46
72,72,133,46
72,72,133,46
73,71,134,47
73,71,134,48
74,71,133,48
75,71,132,47
75,71,132,47
76,71,131,47
77,70,134,49
77,69,136,50
77,68,138,51
77,67,138,52
77,66,138,53
77,67,138,52
76,65,144,54
76,64,145,55
75,63,147,57
75,61,148,60
75,61,148,60
76,61,148,59
80,57,151,63
80,56,155,65
80,55,156,66
81,54,158,67
81,54,158,66
83,53,156,66
81,52,161,64
81,51,163,61
81,52,163,57
80,52,164,52
80,52,164,52
77,51,168,50
75,53,166,39
