165,294,28,12
166,294,27,12
165,292,28,13
164,291,29,13
165,290,28,13
165,289,29,14
166,289,29,14
166,289,29,15
166,290,29,14
167,289,29,15
168,289,28,15
167,290,29,15
167,289,29,16
168,290,28,15
168,291,29,16
169,292,28,16
169,292,29,17
170,294,27,17
170,295,28,17
171,296,28,17
171,298,28,18
172,299,28,18
172,301,27,18
172,302,28,18
173,304,27,19
173,305,28,19
174,306,27,20
174,308,27,19
174,308,27,20
174,309,28,20
174,309,26,20
173,309,27,20
173,308,26,20
171,306,28,21
171,305,28,22
170,303,28,22
169,301,28,23
168,299,28,23
166,298,28,23
165,296,29,23
164,295,28,23
163,294,27,23
162,293,28,25
160,292,29,25
159,291,28,25
158,291,27,25
157,290,27,25
156,290,27,26
155,291,27,25
154,290,27,26
153,291,27,25
153,291,27,25
152,291,28,26
152,291,28,26
152,291,28,26
152,292,27,26
153,293,27,26
153,293,27,26
154,294,27,26
155,296,26,25
155,297,27,25
157,298,26,26
157,298,27,27
158,299,26,26
159,300,26,26
160,301,26,26
160,301,26,26
161,303,25,25
161,303,26,26
162,304,25,25
162,303,26,26
163,303,25,26
163,304,25,25
163,303,25,26
163,303,25,26
164,303,25,25
164,302,25,26
164,301,25,27
164,302,25,26
164,302,26,26
164,301,25,26
164,301,25,26
164,301,24,26
164,300,25,26
164,299,25,27
164,299,25,27
164,299,26,26
165,298,25,26
166,297,25,27
167,297,24,26
168,297,25,26
169,296,24,27
170,296,25,26
172,296,24,26
173,296,24,26
174,295,24,26
175,295,24,26
176,295,24,26
177,294,24,27
177,294,23,26
177,294,24,26
177,293,23,27
177,293,23,27
177,293,24,27
177,293,22,27
176,292,23,28
176,292,23,28
176,293,22,27
175,293,23,27
175,293,23,27
174,294,23,27
173,294,23,27
173,294,23,27
173,295,23,27
173,296,23,27
173,296,23,27
172,296,23,27
172,297,24,27
172,298,23,26
172,298,23,27
172,299,23,26
172,299,23,27
172,300,23,26
172,300,23,26
173,300,22,26
173,300,22,26
174,301,22,26
174,300,22,27
174,301,23,26
174,300,23,26
175,300,22,26
175,299,22,26
175,299,22,26
175,298,23,27
175,298,23,27
176,297,22,27
176,297,23,27
177,296,21,27
177,296,21,26
176,295,23,27
177,294,22,28
177,294,22,27
177,294,22,26
177,294,22,26
178,293,21,27
178,293,21,27
178,294,21,26
178,294,21,26
178,295,21,25
178,295,21,26
178,296,21,25
178,296,21,26
179,297,21,25
178,298,22,26
179,299,20,25
178,301,21,24
177,302,22,25
177,304,22,24
177,305,21,24
177,305,21,26
177,307,20,26
176,308,21,26
175,310,22,25
175,312,21,24
174,313,22,25
174,314,21,24
173,315,22,25
173,316,21,24
173,317,20,24
172,318,20,24
171,320,21,23
171,320,20,24
171,320,20,25
171,321,20,24
171,321,20,25
172,321,20,25
172,322,19,24
172,323,20,23
172,323,21,24
172,322,21,25
173,323,21,23
175,323,20,23
175,322,20,24
176,322,19,24
176,321,20,24
177,321,20,23
177,320,20,23
177,320,21,23
177,319,21,23
178,317,20,24
178,317,20,23
178,316,21,23
179,315,20,23
179,315,20,21
179,314,20,22
179,313,19,22
179,313,20,22
178,311,20,23
178,312,20,22
177,311,21,23
177,311,20,23
177,311,19,23
176,310,20,24
176,310,19,24
174,310,20,24
173,311,21,23
171,311,21,23
170,311,20,23
169,311,20,23
168,311,20,23
167,311,20,23
165,311,20,23
164,312,19,23
163,311,20,23
161,311,21,23
160,312,21,22
159,311,20,23
158,311,19,22
156,311,19,22
155,310,19,22
153,309,20,22
153,308,19,22
152,307,19,21
151,305,19,22
150,304,19,22
149,302,20,22
149,301,19,23
149,300,19,22
148,298,20,22
148,297,20,22
148,295,20,22
149,294,18,22
150,294,18,21
151,293,18,20
152,292,18,21
152,290,19,21
154,290,19,21
155,289,19,21
157,288,18,22
159,288,18,21
161,288,18,20
163,287,18,21
165,286,18,21
167,285,18,22
169,285,18,21
171,285,19,21
173,285,18,21
175,284,18,21
177,283,19,22
178,284,19,20
180,284,19,20
182,284,17,20
183,284,18,20
184,283,18,20
185,282,18,20
185,282,19,20
186,281,19,21
187,281,18,20
186,279,20,21
187,279,19,20
187,277,19,21
186,277,20,21
186,275,19,22
185,274,19,21
185,274,18,20
184,273,19,20
183,271,19,21
183,270,18,21
181,269,19,20
180,268,20,20
180,267,19,20
179,266,19,21
178,265,20,21
178,264,19,21
178,263,18,21
177,262,18,21
177,261,18,22
176,261,18,21
176,260,18,22
176,260,18,21
176,259,18,21
176,259,17,20
175,258,18,21
175,257,18,21
175,258,18,20
174,257,18,20
174,256,18,21
174,256,17,20
174,256,17,20
173,256,17,19
172,254,18,22
171,255,18,20
171,254,17,21
170,254,18,21
169,254,18,21
168,254,18,20
168,254,18,20
167,254,18,20
166,253,18,21
166,253,17,20
165,253,17,20
165,253,17,20
164,252,17,20
164,252,17,19
164,252,17,19
164,251,17,20
164,251,17,19
163,250,18,19
163,249,18,20
164,248,17,20
164,247,17,20
164,246,17,20
164,245,17,20
164,244,18,19
165,242,17,20
164,241,18,20
165,240,17,20
165,239,17,19
165,237,17,20
165,236,17,19
165,235,17,20
165,233,17,20
164,232,18,20
164,230,17,21
164,229,17,20
163,228,17,20
162,227,18,19
161,226,18,19
161,224,18,20
160,224,18,19
159,223,18,19
158,222,17,18
158,221,17,19
157,219,17,20
156,219,17,19
155,219,17,19
154,218,17,19
154,218,16,19
153,218,17,19
153,218,17,19
153,218,17,18
153,218,16,18
152,218,16,17
152,218,16,18
152,218,16,17
152,217,17,18
152,217,17,17
152,216,17,18
152,216,17,17
153,216,16,17
153,216,16,17
152,215,17,17
153,214,17,17
153,213,17,17
153,212,17,17
153,211,17,16
153,210,17,16
153,209,17,15
153,207,16,17
153,205,16,18
152,204,17,17
152,203,16,17
152,202,16,17
152,201,16,16
151,200,16,16
150,198,17,17
150,197,16,17
149,196,17,17
149,195,16,18
148,195,16,17
147,194,17,18
146,195,17,17
146,194,17,18
145,194,16,18
144,194,16,18
143,194,16,18
142,193,17,19
141,193,17,20
140,194,17,19
140,194,16,19
139,193,16,20
138,193,17,21
137,192,17,21
136,192,17,21
135,192,17,20
135,192,16,20
134,189,16,22
133,189,17,21
133,188,16,21
133,187,16,21
133,186,15,21
132,184,16,22
132,183,16,20
131,181,16,21
131,180,16,20
131,178,16,21
131,176,15,21
131,175,15,21
130,174,16,21
130,172,16,21
129,171,17,21
129,170,16,21
130,169,15,21
130,169,15,21
129,169,16,21
129,169,16,21
129,169,16,22
130,171,15,21
130,172,15,21
130,174,16,21
130,177,16,20
130,178,16,21
131,181,16,20
131,184,16,20
132,187,15,21
131,190,16,21
132,194,16,20
132,197,15,20
132,201,16,20
133,205,15,19
133,208,15,20
133,212,16,19
134,216,16,19
135,220,16,19
135,224,16,18
136,227,16,19
137,232,15,19
138,236,16,18
139,240,16,18
140,244,16,18
141,248,16,18
143,251,15,18
144,255,15,17
146,257,15,18
147,261,16,17
149,264,15,17
150,266,16,18
152,270,15,17
153,272,16,17
155,275,16,17
157,278,15,16
158,280,15,16
159,281,15,17
160,285,15,16
160,286,15,16
160,288,15,16
159,291,16,16
158,293,15,16
157,295,15,15
155,297,16,16
153,301,16,14
152,304,15,14
150,305,15,14
147,307,15,13
144,308,15,14
142,311,15,13
139,311,15,15
136,312,14,15
134,314,14,15
130,317,16,15
127,318,15,14
125,319,15,12
122,320,16,12
120,320,16,12
118,320,17,11
117,320,16,11
117,320,15,11
116,319,16,12
116,319,15,9
117,317,15,11
117,315,16,12
118,314,16,11
120,313,15,9
121,311,15,10
123,308,15,10
127,306,14,10
129,304,14,10
132,302,14,10
136,301,13,10
138,298,14,11
140,296,15,9
144,293,14,10
147,292,14,9
150,290,14,10
152,289,15,9
156,288,14,9
158,287,14,8
160,285,15,8
163,284,14,8
166,283,12,8
166,282,15,9
169,282,14,8
171,282,13,7
172,282,14,7
173,282,14,7
176,282,13,7
177,282,13,7
178,282,13,6
180,281,11,6
179,281,13,7
180,281,12,8
179,281,12,7
180,281,12,7
181,281,11,7
179,280,12,7
179,281,11,6
180,281,11,7
180,281,10,6
178,281,11,6
178,280,11,7
177,280,11,7
177,281,10,7
176,281,9,7
176,281,9,6
175,281,10,6
174,279,10,8
173,279,11,8
171,279,13,7
171,279,12,6
171,278,12,7
171,278,12,7
171,277,12,8
171,278,12,7
171,278,13,7
171,278,14,7
174,278,12,7
174,279,12,7
176,279,11,8
177,280,12,8
178,280,13,8
180,281,12,9
181,283,12,7
183,283,12,9
185,285,11,9
186,288,13,8
188,290,12,9
189,291,13,9
192,294,13,9
195,297,12,9
196,299,12,11
199,302,12,10
202,306,12,10
204,310,13,10
206,313,13,10
209,317,13,11
212,321,13,11
215,324,14,11
217,327,14,11
221,330,13,12
224,335,14,10
227,337,13,11
230,340,13,11
233,343,13,12
236,345,14,12
240,348,12,10
242,349,13,12
244,352,15,11
247,353,13,11
249,353,14,13
251,355,15,12
256,356,12,11
257,356,14,11
260,356,14,12
263,357,12,11
265,356,13,12
266,356,14,12
269,356,13,12
271,355,13,12
272,355,14,12
274,355,14,12
276,355,13,12
279,355,13,12
280,354,13,13
282,355,13,12
284,355,13,12
286,356,12,12
287,356,12,12
289,357,13,12
290,358,13,12
291,359,13,12
292,360,12,13
293,361,13,14
294,362,13,14
295,363,13,14
296,364,13,14
296,366,14,15
296,368,15,14
296,370,15,13
296,371,15,12
296,372,15,12
296,373,14,13
295,374,15,15
295,375,14,15
294,375,15,14
293,376,15,14
294,376,14,15
293,376,13,15
292,376,13,15
290,376,15,15
290,376,15,14
288,376,15,14
288,375,13,15
287,374,13,15
285,374,14,15
284,373,14,16
283,372,14,16
281,371,15,15
281,370,14,15
280,369,14,14
279,369,14,14
278,368,14,15
277,368,14,15
276,367,14,14
275,366,14,15
274,364,14,16
273,364,14,16
272,363,15,15
272,362,14,15
272,361,13,15
271,360,13,14
269,360,14,14
268,358,15,15
266,357,15,15
265,356,15,16
264,355,15,15
263,354,15,15
261,353,16,14
260,352,15,14
259,351,15,14
259,350,14,14
256,348,15,14
256,346,14,15
254,344,15,15
252,343,15,15
251,342,15,15
248,339,15,16
246,338,16,15
245,337,15,14
242,335,16,15
241,333,15,15
240,332,14,14
237,329,14,16
234,328,15,14
232,326,15,14
230,323,15,15
228,321,15,16
225,320,16,15
223,317,16,17
221,315,15,17
218,313,16,15
216,310,15,16
213,307,17,18
211,305,17,16
209,304,16,15
207,301,16,16
205,298,16,17
203,296,16,16
200,294,17,17
199,292,16,16
197,289,17,16
196,288,16,15
194,286,17,16
192,284,17,17
192,282,15,18
190,281,16,18
188,280,17,18
187,279,17,17
185,277,18,18
184,276,18,18
183,275,18,18
183,274,17,19
181,274,18,18
180,274,18,17
180,273,17,19
179,273,18,18
178,273,18,18
178,273,18,18
178,273,17,18
178,273,17,19
177,273,18,20
177,273,18,20
177,274,17,20
177,274,17,20
177,274,18,20
176,275,18,20
176,276,18,19
176,276,18,20
176,277,18,20
176,277,17,20
176,277,18,21
176,277,17,22
176,276,17,23
176,276,17,24
177,277,16,25
177,276,16,27
177,276,16,27
177,277,16,27
178,278,15,28
177,277,16,30
178,274,15,34
178,273,15,37
178,273,15,37
179,273,14,38
179,273,15,39
180,274,14,39
181,273,14,40
181,278,14,37
182,277,13,38
182,276,14,40
183,274,14,42
183,277,14,40
184,279,12,39
184,278,13,40
184,280,13,39
183,281,14,39
184,281,13,38
184,280,13,37
185,281,13,38
185,280,12,37
185,280,12,37
185,280,12,36
185,280,12,36
184,279,14,38
185,279,12,39
185,279,12,37
186,277,11,39
185,279,12,37
184,278,13,38
184,274,13,42
185,276,12,40
185,276,13,41
185,280,13,38
185,281,14,36
186,280,14,37
185,280,16,38
186,278,16,40
186,274,17,44
186,279,18,40
186,302,18,17
187,302,19,17
187,302,19,17
188,303,20,16
188,303,20,17
190,304,19,16
190,304,20,17
191,304,20,17
192,304,19,17
193,304,19,18
193,304,20,18
193,304,21,18
194,304,19,18
195,304,19,18
196,304,18,18
197,304,17,19
197,303,17,21
197,303,17,20
198,304,16,20
198,303,15,21
198,303,15,21
198,303,14,21
198,302,14,22
198,302,14,22
198,302,13,23
198,302,12,22
197,302,12,23
197,302,13,23
197,302,12,23
197,303,10,23
196,303,12,24
196,303,11,24
195,304,11,24
194,304,12,24
194,305,10,24
193,305,10,25
192,305,11,26
192,305,10,26
191,306,11,26
190,307,10,27
189,308,10,26
188,310,10,25
187,310,10,26
187,311,9,25
187,312,9,25
186,312,10,26
186,313,9,25
185,313,10,26
185,314,9,26
185,314,9,27
185,315,8,26
185,315,9,26
185,316,9,25
185,317,9,25
185,317,9,25
185,318,9,24
186,319,9,23
186,319,9,23
186,320,10,24
186,320,10,24
187,320,10,24
187,321,10,24
187,322,11,24
187,322,11,25
187,323,11,25
187,324,12,25
188,325,11,25
188,327,12,24
188,328,12,24
188,329,13,25
188,330,13,25
188,332,13,24
188,333,13,24
188,335,13,23
187,335,15,25
186,336,15,24
185,337,16,24
184,337,17,25
184,337,16,25
184,337,15,24
181,337,18,24
181,336,17,24
179,335,19,24
178,333,19,25
177,331,18,25
176,329,19,25
175,327,19,25
173,323,20,25
172,321,19,24
171,317,19,25
168,314,22,24
167,310,21,25
166,307,21,25
164,304,22,24
162,300,23,25
160,297,23,25
160,295,22,24
157,292,24,25
156,290,24,24
155,288,24,23
154,286,24,24
152,284,25,24
151,282,24,24
150,281,25,23
149,280,26,23
149,280,26,22
148,279,26,23
148,279,27,23
148,279,27,23
148,279,27,23
148,279,27,22
148,279,29,23
149,280,29,22
150,280,29,22
150,280,30,23
151,281,31,23
152,281,31,23
153,282,31,22
154,282,32,22
156,282,32,22
158,282,32,22
160,282,31,22
161,281,34,22
164,281,32,21
165,280,33,21
168,279,33,21
169,278,34,21
170,276,35,21
172,274,35,22
173,272,35,22
174,270,35,21
174,268,35,21
175,266,36,20
174,264,36,20
174,261,36,20
173,258,36,20
171,255,36,21
169,253,37,19
168,249,37,20
166,246,36,20
163,242,37,19
161,240,37,18
157,236,39,19
154,232,38,19
151,228,38,18
146,225,39,18
142,220,38,19
137,217,38,18
132,214,38,18
127,210,39,18
121,208,39,17
116,205,39,17
111,203,38,17
105,202,40,17
99,201,39,17
95,201,39,15
90,200,40,15
85,200,40,15
82,200,40,16
77,200,42,16
76,201,40,15
72,202,41,16
70,203,41,17
68,205,41,16
66,206,41,16
65,208,41,15
64,210,41,15
62,211,41,15
61,213,41,15
61,214,41,15
60,216,41,15
59,217,41,15
59,218,41,15
59,220,42,14
60,221,41,14
61,221,41,15
61,222,42,15
62,222,42,15
64,222,42,15
67,223,41,15
68,222,42,15
70,221,42,15
73,221,42,15
76,221,41,15
78,220,41,15
81,220,41,14
83,219,43,15
87,219,41,14
90,218,42,15
93,218,42,14
96,219,41,13
100,219,41,13
103,219,42,13
107,219,41,13
112,219,40,14
115,219,41,14
118,220,41,13
123,220,41,13
128,220,39,13
131,221,41,13
136,222,39,12
139,221,41,14
143,222,41,12
147,223,40,12
151,224,40,12
154,224,41,13
158,224,40,13
161,225,40,13
164,225,41,13
168,226,39,12
170,226,41,13
173,226,40,13
176,227,40,13
179,228,39,13
183,228,39,13
185,229,39,12
189,230,38,12
192,230,38,13
194,231,38,13
197,232,38,12
200,233,39,12
204,233,37,13
208,234,36,13
210,235,36,13
213,235,36,13
216,236,35,13
217,236,35,14
219,237,35,14
220,237,35,14
222,237,35,15
223,238,35,15
224,239,35,14
224,239,35,15
224,240,35,14
224,240,35,15
225,240,34,15
224,240,34,16
224,241,34,15
224,241,34,16
223,242,34,16
223,242,33,17
222,243,33,16
222,244,32,16
221,245,33,16
220,245,33,17
220,246,32,16
219,247,32,16
219,248,31,16
218,248,31,17
217,249,33,17
217,250,31,17
216,251,32,17
216,251,31,18
215,252,31,18
215,252,31,18
214,252,32,19
214,253,31,18
213,253,31,18
212,253,31,18
211,252,30,19
210,251,30,20
209,251,30,19
208,249,29,19
206,248,29,19
205,246,29,20
204,245,28,19
201,242,30,21
200,240,28,20
199,238,29,20
197,235,29,21
196,234,27,20
194,231,28,21
193,228,28,22
192,226,27,22
190,223,27,22
188,221,27,22
187,219,27,21
185,216,28,22
184,214,26,22
183,211,26,23
181,209,26,22
180,206,25,24
178,203,26,25
177,202,25,24
177,199,24,24
175,198,25,24
175,196,24,24
173,193,26,25
173,191,25,26
172,190,25,25
173,189,24,24
173,186,24,26
173,185,23,25
173,184,24,25
173,183,24,24
174,180,23,26
175,178,22,26
175,176,23,26
176,175,22,26
177,173,22,27
178,171,22,26
178,169,23,27
179,166,23,27
180,164,22,26
181,161,22,27
182,160,22,26
182,157,22,26
182,154,22,26
182,152,22,25
182,148,21,27
181,145,21,27
180,143,21,25
179,140,22,25
178,136,21,26
177,132,21,26
175,128,22,26
174,124,21,26
172,120,21,24
170,116,21,24
168,112,21,23
166,107,21,25
164,102,21,25
162,97,21,25
160,94,21,24
159,90,21,24
158,86,21,24
156,82,19,23
155,79,20,23
153,74,21,25
153,71,20,24
153,68,19,23
152,64,20,23
152,60,20,24
152,57,20,23
153,54,19,24
153,51,20,24
155,48,19,23
156,45,19,23
159,43,18,22
160,40,19,23
162,39,19,23
165,37,18,23
167,36,18,23
169,36,18,22
172,35,17,22
174,36,17,22
176,35,18,22
178,36,18,22
181,38,17,21
183,40,17,21
184,41,17,22
186,44,17,20
188,47,17,21
190,51,17,20
192,54,15,20
192,58,16,21
193,62,17,21
195,66,15,21
195,70,16,22
196,75,15,21
197,80,16,22
197,86,15,21
198,91,14,22
